,s_hour
0,63
1,70
2,58
3,44
4,39
5,58
6,54
7,64
8,67
9,68
10,47
11,69
12,60
13,33
14,48
15,30
16,43
17,64
18,41
19,60
20,50
21,35
22,63
23,62
24,47
25,34
26,63
27,56
28,60
29,75
30,72
31,42
32,34
33,50
34,69
35,61
36,57
37,72
38,50
39,56
40,65
41,65
42,74
43,75
44,73
45,51
46,55
47,52
48,45
49,60
50,33
51,55
52,36
53,71
54,71
55,42
56,50
57,48
58,59
59,49
60,71
61,51
62,48
63,63
64,49
65,63
66,70
67,75
68,41
69,57
70,49
71,41
72,65
73,40
74,45
75,31
76,47
77,37
78,59
79,33
80,69
81,75
82,55
83,38
84,48
85,62
86,46
87,68
88,55
89,55
90,73
91,53
92,41
93,75
94,53
95,61
96,60
97,61
98,70
99,49
